511
513
513
511
512
513
512
513
512
513
512
512
513
513
512
512
511
513
513
512
511
512
513
513
511
512
514
513
512
512
516
512
513
512
514
519
518
518
513
518
513
513
511
519
513
512
513
515
516
512
513
513
521
513
512
512
520
522
520
519
524
529
514
512
514
523
513
513
512
525
515
513
512
521
520
513
512
517
528
527
527
526
532
519
513
513
523
524
514
513
521
529
515
513
515
528
519
522
523
536
537
529
514
523
533
518
514
517
530
525
514
516
528
528
515
513
524
535
532
529
537
547
540
520
522
532
533
517
515
529
538
524
514
525
536
529
516
522
534
539
535
536
550
555
538
521
533
543
535
519
527
539
542
525
524
535
547
531
521
533
544
544
539
548
554
557
543
542
551
559
542
536
547
556
550
534
546
553
556
535
544
554
560
545
549
561
564
562
559
564
569
570
550
557
565
572
556
558
565
571
564
557
566
571
575
558
567
573
577
570
573
575
574
572
571
575
580
582
570
576
582
585
573
580
581
583
575
577
582
586
589
582
586
588
587
583
581
582
582
579
584
590
593
595
592
596
597
599
595
594
593
595
596
599
601
603
